28
1 13 15
1 26 5
1 15 4
1 7 4
1 2 5
1 11 4
1 24 1
1 10 3
1 17 3
1 23 3
1 4 1
2 13 25
2 26 18
2 15 8
2 1 5
2 3 4
2 10 3
2 21 2
2 28 2
2 27 1
2 16 1
2 7 12
2 5 9
2 19 6
2 4 3
2 11 2
2 8 1
3 13 9
3 2 4
3 26 3
3 6 3
3 15 1
3 7 2
4 25 7
4 13 6
4 2 4
4 26 2
4 1 1
4 17 5
4 22 1
4 7 5
4 15 1
5 2 9
5 26 4
5 7 1
5 15 1
6 13 6
6 3 3
7 13 42
7 23 13
7 14 10
7 2 9
7 25 8
7 4 5
7 22 5
7 1 4
7 17 3
7 11 3
7 10 3
7 27 1
7 5 1
7 3 1
7 24 1
8 27 3
8 2 1
10 13 24
10 2 3
10 1 3
10 14 2
10 16 1
10 23 1
10 22 1
10 27 1
10 7 3
10 11 7
10 17 1
10 25 1
11 13 28
11 10 7
11 1 4
11 25 3
11 7 3
11 14 3
11 2 2
12 19 3
12 22 1
13 2 25
13 10 24
13 25 17
13 1 15
13 14 13
13 26 10
13 3 9
13 15 6
13 6 6
13 23 2
13 24 2
13 7 42
13 11 28
13 4 6
14 13 13
14 25 5
14 10 2
14 7 13
14 11 3
15 2 8
15 26 8
15 13 6
15 1 4
15 22 1
15 3 1
15 5 1
15 4 1
15 17 1
16 2 1
16 10 1
16 25 1
16 17 3
16 7 1
17 1 3
17 4 5
17 25 4
17 7 3
17 10 1
17 26 2
17 23 1
17 15 1
17 16 3
18 28 5
18 21 2
19 2 6
19 12 3
19 22 1
19 21 4
19 28 3
21 28 17
21 2 2
21 18 2
21 19 4
22 10 1
22 15 1
22 13 1
22 4 1
22 19 1
22 7 5
22 12 1
22 25 1
23 1 3
23 17 1
23 13 2
23 10 1
23 24 1
23 7 13
24 13 2
24 1 1
24 7 1
24 11 1
25 13 17
25 14 5
25 26 2
25 16 1
25 4 7
25 7 8
25 17 4
25 11 3
25 22 1
25 10 1
26 2 18
26 13 10
26 15 8
26 1 5
26 3 3
26 25 2
26 5 4
26 4 2
26 17 2
27 2 1
27 7 1
27 8 3
27 10 1
28 21 17
28 18 5
28 2 2
28 19 3
